0.0 0.0
0.017 0.0
0.034 0.0
0.051000000000000004 0.0
0.068 0.0
0.085 0.0
0.10200000000000001 0.0
0.11900000000000001 0.0
0.136 0.0
0.15300000000000002 0.0
0.17 0.0
0.187 0.0
0.20400000000000001 0.0
0.22100000000000003 0.0
0.23800000000000002 0.0
0.255 0.0
0.272 0.0
0.28900000000000003 0.0
0.30600000000000005 0.0
0.323 0.0
0.34 0.0
0.35700000000000004 0.0
0.374 0.0
0.391 0.0
0.40800000000000003 0.0
0.42500000000000004 0.0
0.44200000000000006 0.0
0.459 0.0
0.47600000000000003 0.0
0.49300000000000005 0.0
0.51 0.0
0.527 0.0
0.544 0.0
0.561 7.142857142857143E-5
0.5780000000000001 2.1428571428571427E-4
0.5950000000000001 2.1428571428571427E-4
0.6120000000000001 2.1428571428571427E-4
0.629 4.2857142857142855E-4
0.646 7.857142857142857E-4
0.663 0.0010714285714285715
0.68 0.0014285714285714286
0.6970000000000001 0.002
0.7140000000000001 0.0025
0.7310000000000001 0.003357142857142857
0.748 0.004214285714285715
0.765 0.005285714285714286
0.782 0.0064285714285714285
0.799 0.007714285714285714
0.8160000000000001 0.009285714285714286
0.8330000000000001 0.011285714285714286
0.8500000000000001 0.013571428571428571
0.8670000000000001 0.016
0.8840000000000001 0.01892857142857143
0.901 0.02214285714285714
0.918 0.02557142857142857
0.935 0.029785714285714287
0.9520000000000001 0.033928571428571426
0.9690000000000001 0.038714285714285715
0.9860000000000001 0.044642857142857144
1.0030000000000001 0.05042857142857143
1.02 0.05721428571428572
1.0370000000000001 0.06521428571428571
1.054 0.07235714285714286
1.0710000000000002 0.08057142857142857
1.088 0.08985714285714286
1.105 0.099
1.122 0.111
1.139 0.12157142857142857
1.1560000000000001 0.13392857142857142
1.173 0.1467142857142857
1.1900000000000002 0.16007142857142856
1.207 0.1732857142857143
1.2240000000000002 0.18792857142857142
1.241 0.2037142857142857
1.258 0.22007142857142858
1.2750000000000001 0.234
1.292 0.25235714285714284
1.3090000000000002 0.26821428571428574
1.326 0.2860714285714286
1.3430000000000002 0.305
1.36 0.3212857142857143
1.377 0.3397142857142857
1.3940000000000001 0.35564285714285715
1.411 0.37242857142857144
1.4280000000000002 0.39085714285714285
1.445 0.4080714285714286
1.4620000000000002 0.4235714285714286
1.479 0.43864285714285717
1.496 0.4559285714285714
1.5130000000000001 0.4737857142857143
1.53 0.4898571428571429
1.5470000000000002 0.5063571428571428
1.564 0.522
1.5810000000000002 0.5387857142857143
1.598 0.5533571428571429
1.6150000000000002 0.5692142857142857
1.6320000000000001 0.5842142857142857
1.649 0.5989285714285715
1.6660000000000001 0.6142857142857143
1.683 0.6282857142857143
1.7000000000000002 0.6425
1.717 0.658
1.7340000000000002 0.6712857142857143
1.7510000000000001 0.6845714285714286
1.7680000000000002 0.6976428571428571
1.7850000000000001 0.7105
1.802 0.7201428571428572
1.8190000000000002 0.7323571428571428
1.836 0.7412857142857143
1.8530000000000002 0.7518571428571429
1.87 0.7607857142857143
1.8870000000000002 0.7702857142857142
1.9040000000000001 0.7799285714285714
1.921 0.7900714285714285
1.9380000000000002 0.7988571428571428
1.955 0.8057857142857143
1.9720000000000002 0.8132142857142857
1.989 0.8202142857142857
2.0060000000000002 0.8282142857142857
2.023 0.8352142857142857
2.04 0.8418571428571429
2.057 0.8487857142857143
2.0740000000000003 0.8552857142857143
2.091 0.8613571428571428
2.108 0.8672142857142857
2.125 0.874
2.1420000000000003 0.8793571428571428
2.1590000000000003 0.8838571428571429
2.176 0.8882142857142857
2.193 0.893
2.21 0.8969285714285714
2.2270000000000003 0.9012142857142857
2.244 0.9057857142857143
2.261 0.9101428571428571
2.278 0.9134285714285715
2.2950000000000004 0.9171428571428571
2.3120000000000003 0.9203571428571429
2.329 0.9244285714285714
2.346 0.9275
2.363 0.9306428571428571
2.3800000000000003 0.9335714285714286
2.3970000000000002 0.9361428571428572
2.414 0.9384285714285714
2.431 0.941
2.4480000000000004 0.9442857142857143
2.4650000000000003 0.9462857142857143
2.482 0.9487142857142857
2.499 0.9497857142857142
2.516 0.952
2.5330000000000004 0.9537857142857142
2.5500000000000003 0.9555714285714285
2.567 0.9574285714285714
2.584 0.9594285714285714
2.601 0.9612142857142857
2.6180000000000003 0.963
2.6350000000000002 0.9647857142857142
2.652 0.9665714285714285
2.669 0.9679285714285715
2.6860000000000004 0.9687857142857143
2.7030000000000003 0.9702857142857143
2.72 0.9715
2.737 0.9731428571428572
2.754 0.9740714285714286
2.7710000000000004 0.9747857142857143
2.7880000000000003 0.9759285714285715
2.805 0.9770714285714286
2.822 0.9781428571428571
2.8390000000000004 0.9787857142857143
2.8560000000000003 0.9797857142857143
2.873 0.9805714285714285
2.89 0.9814285714285714
2.907 0.9820714285714286
2.9240000000000004 0.9829285714285714
2.9410000000000003 0.9833571428571428
2.958 0.9842142857142857
2.975 0.9849285714285714
2.992 0.9855714285714285
3.0090000000000003 0.986
3.0260000000000002 0.9867857142857143
3.043 0.9876428571428572
3.06 0.9878571428571429
3.0770000000000004 0.9881428571428571
3.0940000000000003 0.9888571428571429
3.111 0.9893571428571428
3.128 0.9901428571428571
3.145 0.9907142857142858
3.1620000000000004 0.9914285714285714
3.1790000000000003 0.9917142857142857
3.196 0.992
3.213 0.9921428571428571
3.2300000000000004 0.9922857142857143
3.2470000000000003 0.993
3.2640000000000002 0.9935
3.281 0.9936428571428572
3.298 0.9940714285714286
3.3150000000000004 0.9946428571428572
3.3320000000000003 0.9948571428571429
3.349 0.9950714285714286
3.366 0.9953571428571428
3.3830000000000005 0.9957142857142857
3.4000000000000004 0.9958571428571429
3.4170000000000003 0.9959285714285714
3.434 0.9962142857142857
3.451 0.9963571428571428
3.4680000000000004 0.9965714285714286
3.4850000000000003 0.9967142857142857
3.5020000000000002 0.997
3.519 0.9971428571428571
3.5360000000000005 0.9975714285714286
3.5530000000000004 0.9977142857142857
3.5700000000000003 0.9977142857142857
3.587 0.9977142857142857
3.604 0.9978571428571429
3.6210000000000004 0.9978571428571429
3.6380000000000003 0.9979285714285714
3.6550000000000002 0.9979285714285714
3.672 0.998
3.689 0.998
3.7060000000000004 0.9980714285714286
3.7230000000000003 0.9981428571428571
3.74 0.9981428571428571
3.757 0.9982142857142857
3.7740000000000005 0.9982142857142857
3.7910000000000004 0.9982857142857143
3.8080000000000003 0.9984285714285714
3.825 0.9985714285714286
3.842 0.9986428571428572
3.8590000000000004 0.9987142857142857
3.8760000000000003 0.9987142857142857
3.8930000000000002 0.9987142857142857
3.91 0.9988571428571429
3.9270000000000005 0.9988571428571429
3.9440000000000004 0.9988571428571429
3.9610000000000003 0.9989285714285714
3.978 0.999
3.995 0.999
4.0120000000000005 0.999
4.029 0.999
4.046 0.9990714285714286
4.063000000000001 0.9990714285714286
4.08 0.9990714285714286
4.097 0.9990714285714286
4.114 0.9990714285714286
4.131 0.9991428571428571
4.148000000000001 0.9992142857142857
4.165 0.9992142857142857
4.182 0.9993571428571428
4.199000000000001 0.9993571428571428
4.216 0.9993571428571428
4.2330000000000005 0.9993571428571428
4.25 0.9993571428571428
4.267 0.9993571428571428
4.284000000000001 0.9993571428571428
4.301 0.9994285714285714
4.3180000000000005 0.9994285714285714
4.335 0.9994285714285714
4.352 0.9994285714285714
4.369000000000001 0.9994285714285714
4.386 0.9994285714285714
4.4030000000000005 0.9994285714285714
4.42 0.9994285714285714
4.437 0.9994285714285714
4.454000000000001 0.9994285714285714
4.471 0.9994285714285714
4.488 0.9995
4.505 0.9996428571428572
4.522 0.9996428571428572
4.539000000000001 0.9997142857142857
4.556 0.9997142857142857
4.573 0.9997142857142857
4.590000000000001 0.9997142857142857
4.607 0.9997857142857143
4.6240000000000006 0.9997857142857143
4.641 0.9997857142857143
4.658 0.9997857142857143
4.675000000000001 0.9997857142857143
4.692 0.9997857142857143
4.7090000000000005 0.9997857142857143
4.726 0.9997857142857143
4.743 0.9997857142857143
4.760000000000001 0.9997857142857143
4.777 0.9997857142857143
4.7940000000000005 0.9997857142857143
4.811 0.9997857142857143
4.828 0.9997857142857143
4.845000000000001 0.9997857142857143
4.862 0.9997857142857143
4.8790000000000004 0.9997857142857143
4.896000000000001 0.9997857142857143
4.913 0.9997857142857143
4.930000000000001 0.9997857142857143
4.947 0.9997857142857143
4.964 0.9997857142857143
4.981000000000001 0.9997857142857143
4.998 0.9997857142857143
5.015000000000001 0.9997857142857143
5.032 0.9997857142857143
5.049 0.9998571428571429
5.066000000000001 0.9998571428571429
5.083 0.9998571428571429
5.1000000000000005 0.9998571428571429
5.117 0.9998571428571429
5.134 0.9998571428571429
5.151000000000001 0.9998571428571429
5.168 0.9998571428571429
5.1850000000000005 0.9998571428571429
5.202 0.9998571428571429
5.219 0.9998571428571429
5.236000000000001 0.9999285714285714
5.253 0.9999285714285714
5.2700000000000005 0.9999285714285714
5.287000000000001 0.9999285714285714
5.304 0.9999285714285714
5.321000000000001 0.9999285714285714
5.338 0.9999285714285714
5.355 0.9999285714285714
5.372000000000001 0.9999285714285714
5.389 0.9999285714285714
5.406000000000001 0.9999285714285714
5.423 0.9999285714285714
5.44 0.9999285714285714
5.457000000000001 0.9999285714285714
5.474 0.9999285714285714
5.4910000000000005 0.9999285714285714
5.508 0.9999285714285714
5.525 0.9999285714285714
5.542000000000001 0.9999285714285714
5.559 0.9999285714285714
5.5760000000000005 0.9999285714285714
5.593 0.9999285714285714
5.61 0.9999285714285714
5.627000000000001 1.0
5.644 1.0
5.6610000000000005 1.0
5.678000000000001 1.0
5.695 1.0
5.712000000000001 1.0
5.729 1.0
5.746 1.0
5.763000000000001 1.0
5.78 1.0
5.797000000000001 1.0
5.814 1.0
5.831 1.0
5.848000000000001 1.0
5.865 1.0
5.882000000000001 1.0
5.899 1.0
5.916 1.0
5.933000000000001 1.0
5.95 1.0
5.9670000000000005 1.0
5.984 1.0
6.001 1.0
6.018000000000001 1.0
6.035 1.0
6.0520000000000005 1.0
6.069000000000001 1.0
6.086 1.0
6.103000000000001 1.0
6.12 1.0
6.1370000000000005 1.0
6.154000000000001 1.0
6.171 1.0
6.188000000000001 1.0
6.205 1.0
6.222 1.0
6.239000000000001 1.0
6.256 1.0
6.273000000000001 1.0
6.29 1.0
6.307 1.0
6.324000000000001 1.0
6.341 1.0
6.3580000000000005 1.0
6.375000000000001 1.0
6.392 1.0
6.409000000000001 1.0
6.426 1.0
6.4430000000000005 1.0
6.460000000000001 1.0
6.477 1.0
6.494000000000001 1.0
6.511 1.0
6.5280000000000005 1.0
6.545000000000001 1.0
6.562 1.0
6.579000000000001 1.0
6.596 1.0
6.613 1.0
6.630000000000001 1.0
6.647 1.0
6.664000000000001 1.0
6.681 1.0
6.698 1.0
6.715000000000001 1.0
6.732 1.0
6.7490000000000006 1.0
6.766000000000001 1.0
6.783 1.0
6.800000000000001 1.0
6.817 1.0
6.8340000000000005 1.0
6.851000000000001 1.0
6.868 1.0
6.885000000000001 1.0
6.902 1.0
6.9190000000000005 1.0
6.936000000000001 1.0
6.953 1.0
6.970000000000001 1.0
6.987 1.0
7.0040000000000004 1.0
7.021000000000001 1.0
7.038 1.0
7.055000000000001 1.0
7.072000000000001 1.0
7.089 1.0
7.106000000000001 1.0
7.123 1.0
7.140000000000001 1.0
7.157000000000001 1.0
7.174 1.0
7.191000000000001 1.0
7.208 1.0
7.2250000000000005 1.0
7.242000000000001 1.0
7.259 1.0
7.276000000000001 1.0
7.293 1.0
7.3100000000000005 1.0
7.327000000000001 1.0
7.344 1.0
7.361000000000001 1.0
7.378 1.0
7.3950000000000005 1.0
7.412000000000001 1.0
7.429 1.0
7.446000000000001 1.0
7.463000000000001 1.0
7.48 1.0
7.497000000000001 1.0
7.514 1.0
7.531000000000001 1.0
7.548000000000001 1.0
7.565 1.0
7.582000000000001 1.0
7.599 1.0
7.6160000000000005 1.0
7.633000000000001 1.0
7.65 1.0
7.667000000000001 1.0
7.684 1.0
7.7010000000000005 1.0
7.718000000000001 1.0
7.735 1.0
7.752000000000001 1.0
7.769 1.0
7.7860000000000005 1.0
7.803000000000001 1.0
7.82 1.0
7.837000000000001 1.0
7.854000000000001 1.0
7.871 1.0
7.888000000000001 1.0
7.905 1.0
7.922000000000001 1.0
7.939000000000001 1.0
7.956 1.0
7.973000000000001 1.0
7.99 1.0
8.007000000000001 1.0
8.024000000000001 1.0
8.041 1.0
8.058 1.0
8.075000000000001 1.0
8.092 1.0
8.109 1.0
8.126000000000001 1.0
8.143 1.0
8.16 1.0
8.177000000000001 1.0
8.194 1.0
8.211 1.0
8.228 1.0
8.245000000000001 1.0
8.262 1.0
8.279 1.0
8.296000000000001 1.0
8.313 1.0
8.33 1.0
8.347000000000001 1.0
8.364 1.0
8.381 1.0
8.398000000000001 1.0
8.415000000000001 1.0
8.432 1.0
8.449 1.0
8.466000000000001 1.0
8.483 1.0
8.5 1.0
8.517000000000001 1.0
8.534 1.0
8.551 1.0
8.568000000000001 1.0
8.585 1.0
8.602 1.0
8.619 1.0
8.636000000000001 1.0
8.653 1.0
8.67 1.0
8.687000000000001 1.0
8.704 1.0
8.721 1.0
8.738000000000001 1.0
8.755 1.0
8.772 1.0
8.789000000000001 1.0
8.806000000000001 1.0
8.823 1.0
8.84 1.0
8.857000000000001 1.0
8.874 1.0
8.891 1.0
8.908000000000001 1.0
8.925 1.0
8.942 1.0
8.959000000000001 1.0
8.976 1.0
8.993 1.0
9.01 1.0
9.027000000000001 1.0
9.044 1.0
9.061 1.0
9.078000000000001 1.0
9.095 1.0
9.112 1.0
9.129000000000001 1.0
9.146 1.0
9.163 1.0
9.180000000000001 1.0
9.197000000000001 1.0
9.214 1.0
9.231 1.0
9.248000000000001 1.0
9.265 1.0
9.282 1.0
9.299000000000001 1.0
9.316 1.0
9.333 1.0
9.350000000000001 1.0
9.367 1.0
9.384 1.0
9.401 1.0
9.418000000000001 1.0
9.435 1.0
9.452 1.0
9.469000000000001 1.0
9.486 1.0
9.503 1.0
9.520000000000001 1.0
9.537 1.0
9.554 1.0
9.571000000000002 1.0
9.588000000000001 1.0
9.605 1.0
9.622 1.0
9.639000000000001 1.0
9.656 1.0
9.673 1.0
9.690000000000001 1.0
9.707 1.0
9.724 1.0
9.741000000000001 1.0
9.758000000000001 1.0
9.775 1.0
9.792000000000002 1.0
9.809000000000001 1.0
9.826 1.0
9.843 1.0
9.860000000000001 1.0
9.877 1.0
9.894 1.0
9.911000000000001 1.0
9.928 1.0
9.945 1.0
9.962000000000002 1.0
9.979000000000001 1.0
9.996 1.0
10.013 1.0
10.030000000000001 1.0
10.047 1.0
10.064 1.0
10.081000000000001 1.0
10.098 1.0
10.115 1.0
10.132000000000001 1.0
10.149000000000001 1.0
10.166 1.0
10.183000000000002 1.0
10.200000000000001 1.0
10.217 1.0
10.234 1.0
10.251000000000001 1.0
10.268 1.0
10.285 1.0
10.302000000000001 1.0
10.319 1.0
10.336 1.0
10.353000000000002 1.0
10.370000000000001 1.0
10.387 1.0
10.404 1.0
10.421000000000001 1.0
10.438 1.0
10.455 1.0
10.472000000000001 1.0
10.489 1.0
10.506 1.0
10.523000000000001 1.0
10.540000000000001 1.0
10.557 1.0
10.574000000000002 1.0
10.591000000000001 1.0
10.608 1.0
10.625 1.0
10.642000000000001 1.0
10.659 1.0
10.676 1.0
10.693000000000001 1.0
10.71 1.0
10.727 1.0
10.744000000000002 1.0
10.761000000000001 1.0
10.778 1.0
10.795 1.0
10.812000000000001 1.0
10.829 1.0
10.846 1.0
10.863000000000001 1.0
10.88 1.0
10.897 1.0
10.914000000000001 1.0
10.931000000000001 1.0
10.948 1.0
10.965000000000002 1.0
10.982000000000001 1.0
10.999 1.0
11.016 1.0
11.033000000000001 1.0
11.05 1.0
11.067 1.0
11.084000000000001 1.0
11.101 1.0
11.118 1.0
11.135000000000002 1.0
11.152000000000001 1.0
11.169 1.0
11.186 1.0
11.203000000000001 1.0
11.22 1.0
11.237 1.0
11.254000000000001 1.0
11.271 1.0
11.288 1.0
11.305000000000001 1.0
11.322000000000001 1.0
11.339 1.0
11.356000000000002 1.0
11.373000000000001 1.0
11.39 1.0
11.407 1.0
11.424000000000001 1.0
11.441 1.0
11.458 1.0
11.475000000000001 1.0
11.492 1.0
11.509 1.0
11.526000000000002 1.0
11.543000000000001 1.0
11.56 1.0
11.577 1.0
11.594000000000001 1.0
11.611 1.0
11.628 1.0
11.645000000000001 1.0
11.662 1.0
11.679 1.0
11.696000000000002 1.0
11.713000000000001 1.0
11.73 1.0
11.747000000000002 1.0
11.764000000000001 1.0
11.781 1.0
11.798 1.0
11.815000000000001 1.0
11.832 1.0
11.849 1.0
11.866000000000001 1.0
11.883000000000001 1.0
11.9 1.0
11.917000000000002 1.0
11.934000000000001 1.0
11.951 1.0
11.968 1.0
11.985000000000001 1.0
12.002 1.0
12.019 1.0
12.036000000000001 1.0
12.053 1.0
12.07 1.0
12.087000000000002 1.0
12.104000000000001 1.0
12.121 1.0
12.138000000000002 1.0
12.155000000000001 1.0
12.172 1.0
12.189 1.0
12.206000000000001 1.0
12.223 1.0
12.24 1.0
12.257000000000001 1.0
12.274000000000001 1.0
12.291 1.0
12.308000000000002 1.0
12.325000000000001 1.0
12.342 1.0
12.359000000000002 1.0
12.376000000000001 1.0
12.393 1.0
12.41 1.0
12.427000000000001 1.0
12.444 1.0
12.461 1.0
12.478000000000002 1.0
12.495000000000001 1.0
12.512 1.0
12.529000000000002 1.0
12.546000000000001 1.0
12.563 1.0
12.58 1.0
12.597000000000001 1.0
12.614 1.0
12.631 1.0
12.648000000000001 1.0
12.665000000000001 1.0
12.682 1.0
12.699000000000002 1.0
12.716000000000001 1.0
12.733 1.0
12.750000000000002 1.0
12.767000000000001 1.0
12.784 1.0
12.801 1.0
12.818000000000001 1.0
12.835 1.0
12.852 1.0
12.869000000000002 1.0
12.886000000000001 1.0
12.903 1.0
12.920000000000002 1.0
12.937000000000001 1.0
12.954 1.0
12.971 1.0
12.988000000000001 1.0
13.005 1.0
13.022 1.0
13.039000000000001 1.0
13.056000000000001 1.0
13.073 1.0
13.090000000000002 1.0
13.107000000000001 1.0
13.124 1.0
13.141000000000002 1.0
13.158000000000001 1.0
13.175 1.0
13.192 1.0
13.209000000000001 1.0
13.226 1.0
13.243 1.0
13.260000000000002 1.0
13.277000000000001 1.0
13.294 1.0
13.311000000000002 1.0
13.328000000000001 1.0
13.345 1.0
13.362 1.0
13.379000000000001 1.0
13.396 1.0
13.413 1.0
13.430000000000001 1.0
13.447000000000001 1.0
13.464 1.0
13.481000000000002 1.0
13.498000000000001 1.0
13.515 1.0
13.532000000000002 1.0
13.549000000000001 1.0
13.566 1.0
13.583 1.0
13.600000000000001 1.0
13.617 1.0
13.634 1.0
13.651000000000002 1.0
13.668000000000001 1.0
13.685 1.0
13.702000000000002 1.0
13.719000000000001 1.0
13.736 1.0
13.753 1.0
13.770000000000001 1.0
13.787 1.0
13.804 1.0
13.821000000000002 1.0
13.838000000000001 1.0
13.855 1.0
13.872000000000002 1.0
13.889000000000001 1.0
13.906 1.0
13.923000000000002 1.0
13.940000000000001 1.0
13.957 1.0
13.974 1.0
13.991000000000001 1.0
14.008000000000001 1.0
14.025 1.0
14.042000000000002 1.0
14.059000000000001 1.0
14.076 1.0
14.093000000000002 1.0
14.110000000000001 1.0
14.127 1.0
14.144000000000002 1.0
14.161000000000001 1.0
14.178 1.0
14.195 1.0
14.212000000000002 1.0
14.229000000000001 1.0
14.246 1.0
14.263000000000002 1.0
14.280000000000001 1.0
14.297 1.0
14.314000000000002 1.0
14.331000000000001 1.0
14.348 1.0
14.365 1.0
14.382000000000001 1.0
14.399000000000001 1.0
14.416 1.0
14.433000000000002 1.0
14.450000000000001 1.0
14.467 1.0
14.484000000000002 1.0
14.501000000000001 1.0
14.518 1.0
14.535000000000002 1.0
14.552000000000001 1.0
14.569 1.0
14.586 1.0
14.603000000000002 1.0
14.620000000000001 1.0
14.637 1.0
14.654000000000002 1.0
14.671000000000001 1.0
14.688 1.0
14.705000000000002 1.0
14.722000000000001 1.0
14.739 1.0
14.756 1.0
14.773000000000001 1.0
14.790000000000001 1.0
14.807 1.0
14.824000000000002 1.0
14.841000000000001 1.0
14.858 1.0
14.875000000000002 1.0
14.892000000000001 1.0
14.909 1.0
14.926000000000002 1.0
14.943000000000001 1.0
14.96 1.0
14.977 1.0
14.994000000000002 1.0
15.011000000000001 1.0
15.028 1.0
15.045000000000002 1.0
15.062000000000001 1.0
15.079 1.0
15.096000000000002 1.0
15.113000000000001 1.0
15.13 1.0
15.147 1.0
15.164000000000001 1.0
15.181000000000001 1.0
15.198 1.0
15.215000000000002 1.0
15.232000000000001 1.0
15.249 1.0
15.266000000000002 1.0
15.283000000000001 1.0
15.3 1.0
15.317000000000002 1.0
15.334000000000001 1.0
15.351 1.0
15.368 1.0
15.385000000000002 1.0
15.402000000000001 1.0
15.419 1.0
15.436000000000002 1.0
15.453000000000001 1.0
15.47 1.0
15.487000000000002 1.0
15.504000000000001 1.0
15.521 1.0
15.538 1.0
15.555000000000001 1.0
15.572000000000001 1.0
15.589 1.0
15.606000000000002 1.0
15.623000000000001 1.0
15.64 1.0
15.657000000000002 1.0
15.674000000000001 1.0
15.691 1.0
15.708000000000002 1.0
15.725000000000001 1.0
15.742 1.0
15.759 1.0
15.776000000000002 1.0
15.793000000000001 1.0
15.81 1.0
15.827000000000002 1.0
15.844000000000001 1.0
15.861 1.0
15.878000000000002 1.0
15.895000000000001 1.0
15.912 1.0
15.929 1.0
15.946000000000002 1.0
15.963000000000001 1.0
15.98 1.0
15.997000000000002 1.0
16.014000000000003 1.0
16.031000000000002 1.0
16.048000000000002 1.0
16.065 1.0
16.082 1.0
16.099 1.0
16.116 1.0
16.133000000000003 1.0
16.150000000000002 1.0
16.167 1.0
16.184 1.0
16.201 1.0
16.218 1.0
16.235 1.0
16.252000000000002 1.0
16.269000000000002 1.0
16.286 1.0
16.303 1.0
16.32 1.0
16.337 1.0
16.354000000000003 1.0
16.371000000000002 1.0
16.388 1.0
16.405 1.0
16.422 1.0
16.439 1.0
16.456 1.0
16.473000000000003 1.0
16.490000000000002 1.0
16.507 1.0
16.524 1.0
16.541 1.0
16.558 1.0
16.575000000000003 1.0
16.592000000000002 1.0
16.609 1.0
16.626 1.0
16.643 1.0
16.66 1.0
16.677 1.0
16.694000000000003 1.0
16.711000000000002 1.0
16.728 1.0
16.745 1.0
16.762 1.0
16.779 1.0
16.796000000000003 1.0
16.813000000000002 1.0
16.830000000000002 1.0
16.847 1.0
16.864 1.0
16.881 1.0
16.898 1.0
16.915000000000003 1.0
16.932000000000002 1.0
16.949 1.0
16.966 1.0
16.983 1.0
